-1 -3
-1 -5
-1 -7
-1 -9
-1 -11
-1 -13
-1 -15
-1 17
-1 -18
-1 20
-1 -21
-1 -23
-1 24
-2 -4
-2 -6
-2 -8
-2 -10
-2 -12
-2 -14
-2 -16
-2 18
-2 -19
-2 21
-2 -22
-2 -24
-2 25
-3 -5
-3 -7
-3 -9
-3 -11
-3 -13
-3 -15
-3 -17
-3 18
-3 20
-3 -21
-3 23
-3 -24
-4 -6
-4 -8
-4 -10
-4 -12
-4 -14
-4 -16
-4 -18
-4 19
-4 21
-4 -22
-4 24
-4 -25
-5 -7
-5 -9
-5 -11
-5 -13
-5 -15
-5 20
-5 -21
-5 23
-5 -24
-5 -26
-5 27
-6 -8
-6 -10
-6 -12
-6 -14
-6 -16
-6 21
-6 -22
-6 24
-6 -25
-6 -27
-6 28
-7 -9
-7 -11
-7 -13
-7 -15
-7 -20
-7 21
-7 23
-7 -24
-7 26
-7 -27
-8 -10
-8 -12
-8 -14
-8 -16
-8 -21
-8 22
-8 24
-8 -25
-8 27
-8 -28
-9 -11
-9 -13
-9 -15
-9 -17
-9 18
-9 23
-9 -24
-9 26
-9 -27
-10 -12
-10 -14
-10 -16
-10 -18
-10 19
-10 24
-10 -25
-10 27
-10 -28
-11 -13
-11 -15
-11 17
-11 -18
-11 -23
-11 24
-11 26
-11 -27
-12 -14
-12 -16
-12 18
-12 -19
-12 -24
-12 25
-12 27
-12 -28
-13 -15
-13 17
-13 -18
-13 -20
-13 21
-13 26
-13 -27
-14 -16
-14 18
-14 -19
-14 -21
-14 22
-14 27
-14 -28
-15 17
-15 -18
-15 20
-15 -21
-15 -26
-15 27
-16 18
-16 -19
-16 21
-16 -22
-16 -27
-16 28
-17
-17 18 1 11 13 15
17 -18 3 9
-18 19 2 12 14 16
18 -19 4 10
-22 -19
-25 -19
-28 -19
20
-20 21 1 3 5 15
20 -21 7 13
-21 22 2 4 6 16
21 -22 8 14
-25 -22
-28 -22
23
-23 24 3 5 7 9
23 -24 1 11
-24 25 4 6 8 10
24 -25 2 12
-28 -25
26
-26 27 7 9 11 13
26 -27 5 15
-27 28 8 10 12 14
27 -28 6 16
0
1 Jump(1,2,3,1)
2 Jump(1,2,3,2)
3 Jump(3,2,1,1)
4 Jump(3,2,1,2)
5 Jump(2,3,4,1)
6 Jump(2,3,4,2)
7 Jump(4,3,2,1)
8 Jump(4,3,2,2)
9 Jump(3,4,1,1)
10 Jump(3,4,1,2)
11 Jump(1,4,3,1)
12 Jump(1,4,3,2)
13 Jump(4,1,2,1)
14 Jump(4,1,2,2)
15 Jump(2,1,4,1)
16 Jump(2,1,4,2)
17 Peg(1, 1)
18 Peg(1, 2)
19 Peg(1, 3)
20 Peg(2, 1)
21 Peg(2, 2)
22 Peg(2, 3)
23 Peg(3, 1)
24 Peg(3, 2)
25 Peg(3, 3)
26 Peg(4, 1)
27 Peg(4, 2)
28 Peg(4, 3)
