-1 -3
-1 -5
-1 -7
-1 -9
-1 -11
-1 -13
-1 -15
-2 -4
-2 -6
-2 -8
-2 -10
-2 -12
-2 -14
-2 -16
-3 -1
-3 -5
-3 -7
-3 -9
-3 -11
-3 -13
-3 -15
-4 -2
-4 -6
-4 -8
-4 -10
-4 -12
-4 -14
-4 -16
-5 -1
-5 -3
-5 -7
-5 -9
-5 -11
-5 -13
-5 -15
-6 -2
-6 -4
-6 -8
-6 -10
-6 -12
-6 -14
-6 -16
-7 -1
-7 -3
-7 -5
-7 -9
-7 -11
-7 -13
-7 -15
-8 -2
-8 -4
-8 -6
-8 -10
-8 -12
-8 -14
-8 -16
-9 -1
-9 -3
-9 -5
-9 -7
-9 -11
-9 -13
-9 -15
-10 -2
-10 -4
-10 -6
-10 -8
-10 -12
-10 -14
-10 -16
-11 -1
-11 -3
-11 -5
-11 -7
-11 -9
-11 -13
-11 -15
-12 -2
-12 -4
-12 -6
-12 -8
-12 -10
-12 -14
-12 -16
-13 -1
-13 -3
-13 -5
-13 -7
-13 -9
-13 -11
-13 -15
-14 -2
-14 -4
-14 -6
-14 -8
-14 -10
-14 -12
-14 -16
-15 -1
-15 -3
-15 -5
-15 -7
-15 -9
-15 -11
-15 -13
-16 -2
-16 -4
-16 -6
-16 -8
-16 -10
-16 -12
-16 -14
-17
-22 -19
-25 -19
-28 -19
20
-25 -22
-28 -22
23
-28 -25
26